rank,code,name,date,close,next_close,ratio,cnt
,,BUY,,,,,
27,001200,유진증권,2020-05-06,3100.0,3407.0,9.93,323.0
77,006650,대한유화,2020-05-06,125000.0,138079.0,10.46,8.0
82,010100,한국프랜지공업,2020-05-06,2270.0,2594.0,14.28,441.0
92,026150,특수건설,2020-05-06,8340.0,8924.0,7.01,120.0
100,007110,일신석재,2020-05-06,2615.0,3337.0,27.61,382.0
163,036630,세종텔레콤,2020-05-06,338.0,349.0,3.28,2959.0
208,011780,금호석유화학,2020-05-06,69400.0,71785.0,3.44,14.0
210,004100,태양금속공업,2020-05-06,1210.0,1274.0,5.37,826.0
,,SELL,,,,,
80,003090,대웅,2020-05-06,16550.0,6275.0,-62.08,60.0
126,002820,선창산업,2020-05-06,4140.0,2641.0,-36.19,242.0
235,005720,넥센,2020-05-06,4680.0,3312.0,-29.23,214.0
,,PREDICT,,,,,
1,031860,엔에스엔(Bought),2020-05-06,2430.0,2330.0,-4.1,412.0
2,007860,서연(Bought),2020-05-06,3835.0,3604.0,-6.02,261.0
3,035620,바른손이앤에이,2020-05-06,2415.0,2413.0,-0.04,414.0
4,012690,모나리자,2020-05-06,7260.0,6988.0,-3.73,138.0
5,021050,서원,2020-05-06,2990.0,2921.0,-2.3,334.0
6,014530,극동유화,2020-05-06,3240.0,2891.0,-10.77,309.0
7,017650,대림제지,2020-05-06,1695.0,1640.0,-3.21,590.0
8,012860,모베이스전자,2020-05-06,1425.0,1170.0,-17.83,702.0
9,016600,큐캐피탈,2020-05-06,751.0,710.0,-5.45,1332.0
10,006050,국영지앤엠,2020-05-06,2705.0,2617.0,-3.23,370.0
11,032850,비트컴퓨터,2020-05-06,10500.0,9759.0,-7.05,95.0
12,012600,청호컴넷,2020-05-06,2460.0,2319.0,-5.71,407.0
13,031310,아이즈비전,2020-05-06,3895.0,3762.0,-3.39,257.0
14,003060,에이프로젠제약,2020-05-06,2045.0,1644.0,-19.59,489.0
15,033540,파라텍,2020-05-06,5590.0,5330.0,-4.64,179.0
16,004140,동방,2020-05-06,2265.0,2272.0,0.35,442.0
17,036120,SCI평가정보,2020-05-06,2895.0,2781.0,-3.92,345.0
18,002720,국제약품,2020-05-06,7080.0,7154.0,1.05,141.0
19,016250,이테크건설,2020-05-06,82700.0,82239.0,-0.56,12.0
20,017510,세명전기,2020-05-06,4865.0,4761.0,-2.12,206.0
21,008600,윌비스,2020-05-06,1615.0,1429.0,-11.5,619.0
22,016380,KG동부제철,2020-05-06,13250.0,13321.0,0.54,75.0
23,032620,유비케어,2020-05-06,8150.0,7046.0,-13.54,123.0
24,001880,삼호,2020-05-06,22650.0,22599.0,-0.22,44.0
25,005430,한국공항,2020-05-06,40650.0,40634.0,-0.04,25.0
26,016670,포비스티앤씨,2020-05-06,1390.0,1423.0,2.41,719.0
27,001200,유진증권,2020-05-06,3100.0,3407.0,9.93,323.0
28,006920,모헨즈,2020-05-06,4305.0,4207.0,-2.27,232.0
29,037070,파세코,2020-05-06,13900.0,13520.0,-2.73,72.0
30,023900,풍국주정,2020-05-06,18750.0,15815.0,-15.65,53.0
31,035080,인터파크홀딩스,2020-05-06,2000.0,1855.0,-7.22,500.0
32,011150,CJ씨푸드,2020-05-06,4280.0,3943.0,-7.87,234.0
33,026890,디피씨,2020-05-06,10100.0,10219.0,1.18,99.0
34,001120,LG상사,2020-05-06,13350.0,12887.0,-3.46,75.0
35,005880,대한해운,2020-05-06,17500.0,17022.0,-2.73,57.0
36,013810,스페코,2020-05-06,3345.0,3316.0,-0.85,299.0
37,010170,대한광통신,2020-05-06,3210.0,3224.0,0.46,312.0
38,030350,드래곤플라이,2020-05-06,2530.0,1840.0,-27.25,395.0
39,010770,평화홀딩스,2020-05-06,3310.0,3242.0,-2.04,302.0
40,002210,동성제약,2020-05-06,13200.0,12235.0,-7.31,76.0
41,001840,이화공영,2020-05-06,5840.0,5342.0,-8.52,171.0
42,035810,이지바이오,2020-05-06,4260.0,4155.0,-2.46,235.0
43,023960,에쓰씨엔지니어링,2020-05-06,1300.0,1276.0,-1.85,769.0
44,002140,고려산업,2020-05-06,3555.0,3581.0,0.74,281.0
45,032680,소프트센,2020-05-06,2205.0,2028.0,-8.02,454.0
46,033230,인성정보,2020-05-06,5130.0,4576.0,-10.79,195.0
47,004430,송원산업,2020-05-06,13800.0,13980.0,1.31,72.0
48,012790,신일제약,2020-05-06,7450.0,7361.0,-1.19,134.0
49,036710,심텍홀딩스,2020-05-06,1550.0,1341.0,-13.42,645.0
50,025320,시노펙스,2020-05-06,2750.0,2677.0,-2.65,364.0
51,011230,삼화전자공업,2020-05-06,2540.0,2505.0,-1.38,394.0
52,033320,제이씨현시스템,2020-05-06,4430.0,4137.0,-6.61,226.0
53,037230,한국팩키지,2020-05-06,2385.0,2186.0,-8.34,419.0
54,005180,빙그레,2020-05-06,67800.0,63731.0,-6.0,15.0
55,007390,네이처셀,2020-05-06,11250.0,10984.0,-2.36,89.0
56,015860,일진홀딩스,2020-05-06,3760.0,3729.0,-0.8,266.0
57,006390,한일현대시멘트,2020-05-06,32300.0,32211.0,-0.27,31.0
58,002020,코오롱,2020-05-06,18500.0,18266.0,-1.26,54.0
59,002700,신일전자,2020-05-06,2260.0,2054.0,-9.07,442.0
60,005950,이수화학,2020-05-06,11900.0,11321.0,-4.86,84.0
61,004200,고려개발,2020-05-06,9650.0,9256.0,-4.08,104.0
62,005110,한창,2020-05-06,2625.0,2582.0,-1.62,381.0
63,009470,삼화전기,2020-05-06,14550.0,14645.0,0.66,69.0
64,011420,갤럭시아에스엠,2020-05-06,1310.0,1184.0,-9.56,763.0
65,000020,동화약품,2020-05-06,10600.0,9576.0,-9.66,94.0
66,039610,화성밸브,2020-05-06,5740.0,5504.0,-4.1,174.0
67,011320,유니크,2020-05-06,6460.0,6300.0,-2.47,155.0
68,009520,포스코엠텍,2020-05-06,4160.0,3806.0,-8.51,240.0
69,006980,우성사료,2020-05-06,3350.0,3363.0,0.42,299.0
70,014160,대영포장,2020-05-06,1195.0,1074.0,-10.07,837.0
71,004090,한국석유공업,2020-05-06,100500.0,99175.0,-1.32,10.0
72,001020,페이퍼코리아,2020-05-06,1470.0,1326.0,-9.78,680.0
73,026040,제이에스티나,2020-05-06,2675.0,2673.0,-0.06,374.0
74,004830,덕성,2020-05-06,3615.0,3406.0,-5.76,277.0
75,011760,현대종합상사,2020-05-06,15250.0,14949.0,-1.97,66.0
76,009460,한창제지,2020-05-06,2240.0,2149.0,-4.03,446.0
77,006650,대한유화,2020-05-06,125000.0,138079.0,10.46,8.0
78,004270,남성,2020-05-06,2255.0,2144.0,-4.9,443.0
79,007460,에이프로젠 KIC,2020-05-06,3405.0,3483.0,2.3,294.0
80,003090,대웅,2020-05-06,16550.0,6275.0,-62.08,60.0
81,000910,유니온,2020-05-06,4590.0,4673.0,1.82,218.0
82,010100,한국프랜지공업,2020-05-06,2270.0,2594.0,14.28,441.0
83,000220,유유제약,2020-05-06,11200.0,11294.0,0.85,89.0
84,011390,부산산업,2020-05-06,153000.0,145334.0,-5.01,7.0
85,035610,솔본,2020-05-06,3740.0,3592.0,-3.95,267.0
86,036810,에프에스티,2020-05-06,8230.0,7482.0,-9.08,122.0
87,012280,영화금속,2020-05-06,1620.0,1511.0,-6.68,617.0
88,010660,화천기계,2020-05-06,3130.0,2890.0,-7.66,319.0
89,000370,한화손해보험,2020-05-06,2125.0,2051.0,-3.45,471.0
90,030520,한글과컴퓨터,2020-05-06,12450.0,12113.0,-2.7,80.0
91,005750,대림비앤코,2020-05-06,3835.0,3610.0,-5.86,261.0
92,026150,특수건설,2020-05-06,8340.0,8924.0,7.01,120.0
93,010820,퍼스텍,2020-05-06,1865.0,1860.0,-0.23,536.0
94,008250,이건산업,2020-05-06,5890.0,5726.0,-2.78,170.0
95,024740,한일단조,2020-05-06,1395.0,1392.0,-0.17,717.0
96,038680,에스넷,2020-05-06,6600.0,6381.0,-3.32,152.0
97,024890,대원화성,2020-05-06,1460.0,1173.0,-19.62,685.0
98,012610,경인양행,2020-05-06,7220.0,6698.0,-7.22,139.0
99,020120,키다리스튜디오,2020-05-06,7220.0,7071.0,-2.06,139.0
100,007110,일신석재,2020-05-06,2615.0,3337.0,27.61,382.0
101,031820,콤텍시스템,2020-05-06,1405.0,1353.0,-3.69,712.0
102,007210,벽산,2020-05-06,1695.0,1690.0,-0.28,590.0
103,017040,광명전기,2020-05-06,2085.0,2047.0,-1.82,480.0
104,033250,체시스,2020-05-06,2370.0,2333.0,-1.53,422.0
105,001380,SG충방,2020-05-06,1270.0,1177.0,-7.29,787.0
106,002100,경농,2020-05-06,13050.0,13058.0,0.07,77.0
107,004910,조광페인트,2020-05-06,5820.0,5629.0,-3.27,172.0
108,004920,씨아이테크,2020-05-06,1095.0,958.0,-12.5,913.0
109,027830,대성창투,2020-05-06,1835.0,1793.0,-2.23,545.0
110,014970,삼륭물산,2020-05-06,7730.0,7592.0,-1.78,129.0
111,011280,태림포장,2020-05-06,4040.0,3993.0,-1.15,248.0
112,005360,모나미,2020-05-06,3295.0,3210.0,-2.57,303.0
113,032190,다우데이타,2020-05-06,8180.0,7918.0,-3.2,122.0
114,002230,피에스텍,2020-05-06,3710.0,3612.0,-2.62,270.0
115,003470,유안타증권,2020-05-06,2715.0,2586.0,-4.72,368.0
116,024800,유성티엔에스,2020-05-06,2470.0,2312.0,-6.38,405.0
117,024950,삼천리자전거,2020-05-06,6140.0,5316.0,-13.42,163.0
118,005830,DB손해보험,2020-05-06,44550.0,43291.0,-2.83,22.0
119,001500,현대차증권,2020-05-06,9090.0,8828.0,-2.87,110.0
120,011790,SKC,2020-05-06,48750.0,48831.0,0.17,21.0
121,025820,이구산업,2020-05-06,1325.0,1240.0,-6.36,755.0
122,006570,대림통상,2020-05-06,4145.0,4150.0,0.14,241.0
123,008040,사조동아원,2020-05-06,953.0,907.0,-4.79,1049.0
124,000970,한국주철관공업,2020-05-06,9440.0,9012.0,-4.53,106.0
125,033310,디케이디앤아이,2020-05-06,2610.0,2397.0,-8.14,383.0
126,002820,선창산업,2020-05-06,4140.0,2641.0,-36.19,242.0
127,004540,깨끗한나라,2020-05-06,3790.0,3660.0,-3.41,264.0
128,006040,동원산업,2020-05-06,229000.0,219389.0,-4.2,4.0
129,035460,기산텔레콤,2020-05-06,2725.0,2628.0,-3.53,367.0
130,001390,KG케미칼,2020-05-06,14650.0,14474.0,-1.2,68.0
131,024840,KBI메탈,2020-05-06,1330.0,1295.0,-2.59,752.0
132,019490,하이트론씨스템즈,2020-05-06,2615.0,2632.0,0.66,382.0
133,030720,동원수산,2020-05-06,9100.0,8987.0,-1.24,110.0
134,013030,하이록코리아,2020-05-06,11900.0,11630.0,-2.26,84.0
135,002870,신풍제지,2020-05-06,1365.0,1353.0,-0.86,733.0
136,005070,코스모신소재,2020-05-06,8840.0,8815.0,-0.28,113.0
137,013570,디와이,2020-05-06,4385.0,4000.0,-8.77,228.0
138,008420,문배철강,2020-05-06,2175.0,2136.0,-1.77,460.0
139,018310,삼목에스폼,2020-05-06,7120.0,6846.0,-3.85,140.0
140,036580,팜스코,2020-05-06,5120.0,4404.0,-13.97,195.0
141,016920,카스,2020-05-06,1745.0,1671.0,-4.2,573.0
142,019540,일지테크,2020-05-06,2815.0,2690.0,-4.43,355.0
143,006090,사조오양,2020-05-06,8640.0,8081.0,-6.46,116.0
144,000520,삼일제약,2020-05-06,18450.0,18296.0,-0.83,54.0
145,024880,케이피에프,2020-05-06,3445.0,3437.0,-0.22,290.0
146,006580,대양제지,2020-05-06,3335.0,3235.0,-2.98,300.0
147,031510,오스템,2020-05-06,1825.0,1755.0,-3.79,548.0
148,030210,KTB투자증권,2020-05-06,2705.0,2565.0,-5.16,370.0
149,000210,대림산업,2020-05-06,82600.0,81753.0,-1.03,12.0
150,009180,한솔로지스틱스,2020-05-06,1450.0,1346.0,-7.16,690.0
151,003310,대주산업,2020-05-06,1280.0,1190.0,-6.95,781.0
152,005860,한일사료,2020-05-06,1750.0,1761.0,0.64,571.0
153,014580,태경비케이,2020-05-06,3750.0,3588.0,-4.32,267.0
154,002620,제일파마홀딩스,2020-05-06,14800.0,13631.0,-7.89,68.0
155,011090,에넥스,2020-05-06,999.0,937.0,-6.2,1001.0
156,014990,인디에프,2020-05-06,2145.0,2198.0,2.49,466.0
157,021080,에이티넘인베스트,2020-05-06,1680.0,1654.0,-1.53,595.0
158,037460,삼지전자,2020-05-06,9200.0,8881.0,-3.46,109.0
159,025860,남해화학,2020-05-06,7770.0,7760.0,-0.12,129.0
160,007160,사조산업,2020-05-06,32700.0,31247.0,-4.44,31.0
161,020180,대신정보통신,2020-05-06,1145.0,1063.0,-7.1,873.0
162,025880,케이씨피드,2020-05-06,1910.0,1790.0,-6.28,524.0
163,036630,세종텔레콤,2020-05-06,338.0,349.0,3.28,2959.0
164,005610,SPC삼립,2020-05-06,73700.0,70536.0,-4.29,14.0
165,018500,동원금속,2020-05-06,608.0,540.0,-11.1,1645.0
166,000720,현대건설,2020-05-06,34800.0,33958.0,-2.42,29.0
167,041510,에스엠,2020-05-06,28350.0,27819.0,-1.87,35.0
168,036000,예림당,2020-05-06,2435.0,2136.0,-12.27,411.0
169,017810,풀무원,2020-05-06,12300.0,12202.0,-0.79,81.0
170,006340,대원전선,2020-05-06,1025.0,983.0,-4.05,976.0
171,032940,원익,2020-05-06,3280.0,3137.0,-4.36,305.0
172,003560,아이에이치큐,2020-05-06,1595.0,1548.0,-2.89,627.0
173,012510,더존비즈온,2020-05-06,89500.0,87735.0,-1.97,11.0
174,014790,한라,2020-05-06,3215.0,3028.0,-5.8,311.0
175,016450,한세예스24홀딩스,2020-05-06,5260.0,5103.0,-2.97,190.0
176,011170,롯데케미칼,2020-05-06,195500.0,194906.0,-0.3,5.0
177,002760,보락,2020-05-06,1950.0,1818.0,-6.77,513.0
178,005670,푸드웰,2020-05-06,6130.0,5925.0,-3.34,163.0
179,013580,계룡건설산업,2020-05-06,16050.0,16039.0,-0.07,62.0
180,012030,DB,2020-05-06,801.0,674.0,-15.74,1248.0
181,007610,선도전기,2020-05-06,2830.0,2785.0,-1.58,353.0
182,011200,HMM,2020-05-06,3495.0,3384.0,-3.15,286.0
183,002310,아세아제지,2020-05-06,34150.0,33627.0,-1.53,29.0
184,003160,디아이,2020-05-06,3260.0,3201.0,-1.81,307.0
185,006360,GS건설,2020-05-06,24800.0,24033.0,-3.09,40.0
186,012200,계양전기,2020-05-06,2780.0,2676.0,-3.73,360.0
187,001430,세아베스틸,2020-05-06,9320.0,8798.0,-5.59,107.0
188,033240,자화전자,2020-05-06,7310.0,7225.0,-1.15,137.0
189,003010,혜인,2020-05-06,4745.0,4738.0,-0.14,211.0
190,003830,대한화섬,2020-05-06,79900.0,81115.0,1.52,13.0
191,027050,코리아나,2020-05-06,5190.0,5143.0,-0.9,193.0
192,006840,AK홀딩스,2020-05-06,24200.0,24714.0,2.13,41.0
193,009420,한올바이오파마,2020-05-06,24150.0,24211.0,0.26,41.0
194,015710,코콤,2020-05-06,5050.0,5049.0,-0.0,198.0
195,036690,코맥스,2020-05-06,3450.0,3417.0,-0.94,290.0
196,002290,삼일기업공사,2020-05-06,2820.0,2865.0,1.63,355.0
197,024810,이화전기,2020-05-06,173.0,158.0,-8.62,5780.0
198,014440,영보화학,2020-05-06,2760.0,2705.0,-1.97,362.0
199,003300,한일홀딩스,2020-05-06,43600.0,41933.0,-3.82,23.0
200,009320,대우부품,2020-05-06,2425.0,2333.0,-3.75,412.0
201,006910,보성파워텍,2020-05-06,1740.0,1718.0,-1.22,575.0
202,001250,GS글로벌,2020-05-06,1740.0,1732.0,-0.46,575.0
203,036460,한국가스공사,2020-05-06,26700.0,26685.0,-0.05,37.0
204,011930,신성이엔지,2020-05-06,910.0,837.0,-7.92,1099.0
205,005290,동진쎄미켐,2020-05-06,16950.0,16180.0,-4.54,59.0
206,001510,SK증권,2020-05-06,689.0,669.0,-2.78,1451.0
207,002270,롯데푸드,2020-05-06,378500.0,377558.0,-0.25,3.0
208,011780,금호석유화학,2020-05-06,69400.0,71785.0,3.44,14.0
209,000140,하이트진로홀딩스,2020-05-06,14550.0,13546.0,-6.9,69.0
210,004100,태양금속공업,2020-05-06,1210.0,1274.0,5.37,826.0
211,003240,태광산업,2020-05-06,771000.0,779264.0,1.07,1.0
212,005010,휴스틸,2020-05-06,6710.0,6642.0,-1.0,149.0
213,016610,DB금융투자,2020-05-06,3585.0,3346.0,-6.65,279.0
214,006800,미래에셋대우,2020-05-06,5610.0,5305.0,-5.42,178.0
215,036800,나이스정보통신,2020-05-06,30400.0,29715.0,-2.25,33.0
216,025550,한국선재,2020-05-06,2590.0,2552.0,-1.45,386.0
217,018290,브이티지엠피,2020-05-06,10500.0,10503.0,0.03,95.0
218,014190,원익큐브,2020-05-06,1590.0,1425.0,-10.36,629.0
219,015020,이스타코,2020-05-06,705.0,632.0,-10.25,1418.0
220,021040,대호피앤씨,2020-05-06,791.0,733.0,-7.33,1264.0
221,008700,아남전자,2020-05-06,1750.0,1428.0,-18.4,571.0
222,037330,인지디스플레,2020-05-06,1585.0,1514.0,-4.42,631.0
223,006400,삼성SDI,2020-05-06,281500.0,274644.0,-2.44,4.0
224,019180,티에이치엔,2020-05-06,2560.0,2574.0,0.56,391.0
225,012450,한화에어로스페이스,2020-05-06,24600.0,24276.0,-1.31,41.0
226,008290,원풍물산,2020-05-06,2740.0,2572.0,-6.12,365.0
227,037370,EG,2020-05-06,7710.0,7426.0,-3.67,130.0
228,004000,롯데정밀화학,2020-05-06,37700.0,37172.0,-1.4,27.0
229,027970,세하,2020-05-06,2115.0,1890.0,-10.64,473.0
230,001680,대상,2020-05-06,23200.0,21744.0,-6.27,43.0
231,015590,큐로,2020-05-06,1020.0,877.0,-13.97,980.0
232,001810,무림SP,2020-05-06,1970.0,1932.0,-1.93,508.0
233,012800,대창,2020-05-06,1145.0,1083.0,-5.39,873.0
234,033100,제룡전기,2020-05-06,5730.0,5659.0,-1.23,175.0
235,005720,넥센,2020-05-06,4680.0,3312.0,-29.23,214.0
236,013720,청보산업,2020-05-06,2170.0,2155.0,-0.65,461.0
237,002900,동양물산기업,2020-05-06,1010.0,974.0,-3.51,990.0
238,003720,삼영화학공업,2020-05-06,1200.0,1163.0,-3.07,833.0
239,005500,삼진제약,2020-05-06,26500.0,23899.0,-9.81,38.0
240,004310,현대약품,2020-05-06,4685.0,4585.0,-2.13,213.0
241,013000,세우글로벌,2020-05-06,1945.0,1875.0,-3.58,514.0
242,033290,코웰패션,2020-05-06,5500.0,5206.0,-5.33,182.0
243,005940,NH투자증권,2020-05-06,9610.0,9588.0,-0.22,104.0
244,037760,쎄니트,2020-05-06,1765.0,1756.0,-0.5,567.0
245,023410,유진기업,2020-05-06,4170.0,4097.0,-1.73,240.0
246,008560,메리츠증권,2020-05-06,3300.0,3226.0,-2.24,303.0
247,012320,경동인베스트,2020-05-06,29050.0,28360.0,-2.37,34.0
248,025440,대성엘텍,2020-05-06,894.0,884.0,-1.1,1119.0
249,035760,CJ ENM,2020-05-06,123200.0,117599.0,-4.55,8.0
250,025620,제이준코스메틱,2020-05-06,2900.0,2890.0,-0.32,345.0
251,018670,SK가스,2020-05-06,77300.0,76688.0,-0.79,13.0
252,005420,코스모화학,2020-05-06,7700.0,7527.0,-2.24,130.0
253,015750,성우하이텍,2020-05-06,3060.0,2970.0,-2.93,327.0
254,010640,진양폴리우레탄,2020-05-06,2785.0,2559.0,-8.08,359.0
255,010280,쌍용정보통신,2020-05-06,1475.0,1405.0,-4.7,678.0
256,000880,한화,2020-05-06,18950.0,19024.0,0.39,53.0
257,015260,에이엔피,2020-05-06,260.0,264.0,1.6,3846.0
258,000500,가온전선,2020-05-06,15650.0,15490.0,-1.02,64.0
259,019550,SBI인베스트먼트,2020-05-06,626.0,604.0,-3.45,1597.0
260,001520,동양,2020-05-06,1215.0,1230.0,1.28,823.0
261,002360,SH에너지화학,2020-05-06,909.0,913.0,0.48,1100.0
262,003780,진양산업,2020-05-06,3195.0,3163.0,-1.0,313.0
263,001440,대한전선,2020-05-06,677.0,552.0,-18.43,1477.0
264,019210,와이지-원,2020-05-06,4845.0,4671.0,-3.57,206.0
265,028050,삼성엔지니어링,2020-05-06,11900.0,11405.0,-4.16,84.0
266,027040,서울전자통신,2020-05-06,852.0,833.0,-2.13,1174.0
267,002200,한국수출포장공업,2020-05-06,19250.0,18914.0,-1.74,52.0
268,000490,대동공업,2020-05-06,4620.0,4542.0,-1.68,216.0
269,007810,코리아써키트,2020-05-06,7790.0,7758.0,-0.4,128.0
270,033130,디지틀조선,2020-05-06,1870.0,1863.0,-0.35,535.0
